0 0 0 0 0 0 0 0 0 0 0 0 0 0 0 0 0 0 0 
0 18 6 0 5 23 9 30 34 34 8 22 36 31 28 7 35 0 0 
0 12 15 29 17 16 27 6 33 19 11 33 26 12 27 15 24 22 0 
0 3 3 13 2 25 35 21 10 21 29 9 3 15 36 29 37 35 0 
0 30 4 2 31 22 17 11 13 20 7 5 8 4 20 3 32 14 0 
0 14 241 27 27 16 19 26 19 0 32 29 7 28 36 2 23 32 0 
0 33 20 37 34 31 32 36 8 25 13 24 17 11 240 28 10 26 0 
0 2 18 240 23 240 243 33 7 35 241 18 30 26 21 18 240 8 0 
0 15 20 25 240 23 21 6 19 9 12 12 4 6 24 5 5 4 0 
0 13 30 16 28 22 31 243 16 24 10 17 34 240 10 9 11 25 0 
0 0 0 0 0 0 0 0 0 0 0 0 0 0 0 0 0 0 0 